%  GPST                  latitude(deg) longitude(deg)  height(m)   Q  ns   sdn(m)   sde(m)   sdu(m)  sdne(m)  sdeu(m)  sdun(m) age(s)  ratio
2016/09/24 10:17:18.000   43.168676628    1.191968034   466.7250   5  11   2.4457   1.8030   4.0211   0.2272  -1.0865   2.0868   0.00    0.0
2016/09/24 10:17:19.000   43.168676926    1.191970676   467.1653   5  11   2.4457   1.8030   4.0211   0.2266  -1.0867   2.0867   0.00    0.0
2016/09/24 10:17:20.000   43.168673052    1.191966437   466.0241   5  11   2.4457   1.8031   4.0211   0.2259  -1.0869   2.0866   0.00    0.0
2016/09/24 10:17:21.000   43.168677430    1.191966872   466.4604   5  11   2.4457   1.8031   4.0211   0.2253  -1.0871   2.0865   0.00    0.0
2016/09/24 10:17:22.000   43.168673078    1.191959331   465.5293   5  11   2.4456   1.8031   4.0211   0.2247  -1.0873   2.0864   0.00    0.0
2016/09/24 10:17:23.000   43.168672238    1.191960773   463.6372   5  11   2.4456   1.8031   4.0212   0.2241  -1.0874   2.0864   0.00    0.0
2016/09/24 10:17:24.000   43.168672822    1.191958317   463.3072   5  11   2.4456   1.8032   4.0212   0.2235  -1.0876   2.0863   0.00    0.0
2016/09/24 10:17:25.000   43.168673839    1.191951561   465.7325   5  20   1.9835   1.5194   3.4119   0.0827  -0.7930   1.4278   0.00    0.0
2016/09/24 10:17:26.000   43.168676330    1.191948709   466.9937   5  20   1.9835   1.5194   3.4120   0.0818  -0.7932   1.4278   0.00    0.0
2016/09/24 10:17:27.000   43.168677599    1.191948721   466.9104   5  20   1.9835   1.5195   3.4120   0.0808  -0.7934   1.4278   0.00    0.0
2016/09/24 10:17:28.000   43.168676725    1.191948115   466.9327   5  20   1.9835   1.5195   3.4121   0.0798  -0.7936   1.4277   0.00    0.0
2016/09/24 10:17:29.000   43.168676305    1.191949372   466.6826   5  20   1.9835   1.5195   3.4122   0.0788  -0.7938   1.4277   0.00    0.0
2016/09/24 10:17:30.000   43.168677126    1.191949208   467.1586   5  20   1.9835   1.5196   3.4123   0.0778  -0.7940   1.4277   0.00    0.0
2016/09/24 10:17:31.000   43.168677018    1.191950138   467.5111   5  20   1.9835   1.5196   3.4123   0.0768  -0.7941   1.4277   0.00    0.0
2016/09/24 10:17:32.000   43.168676301    1.191951256   467.0186   5  20   1.9836   1.5196   3.4124   0.0757  -0.7943   1.4277   0.00    0.0
2016/09/24 10:17:33.000   43.168672747    1.191947285   466.5680   5  20   1.9836   1.5197   3.4125   0.0747  -0.7945   1.4276   0.00    0.0
2016/09/24 10:17:34.000   43.168676191    1.191951066   465.7866   5  19   2.1008   1.6320   3.9438   0.6458   0.7380   1.8455   0.00    0.0
2016/09/24 10:17:35.000   43.168676212    1.191951283   466.0923   5  19   2.1008   1.6321   3.9439   0.6457   0.7379   1.8454   0.00    0.0
2016/09/24 10:17:36.000   43.168675736    1.191950951   466.0875   5  19   2.1007   1.6321   3.9439   0.6456   0.7377   1.8454   0.00    0.0
2016/09/24 10:17:37.000   43.168675896    1.191954622   465.3756   5  19   2.1007   1.6322   3.9439   0.6454   0.7376   1.8453   0.00    0.0
2016/09/24 10:17:38.000   43.168677213    1.191956606   465.5613   5  19   2.1007   1.6323   3.9439   0.6453   0.7375   1.8452   0.00    0.0
2016/09/24 10:17:39.000   43.168678393    1.191959010   465.3494   5  19   2.1007   1.6323   3.9440   0.6452   0.7374   1.8451   0.00    0.0
2016/09/24 10:17:40.000   43.168678250    1.191955427   466.4726   5  19   2.1007   1.6324   3.9440   0.6451   0.7373   1.8450   0.00    0.0
2016/09/24 10:17:41.000   43.168679211    1.191955135   467.0697   5  19   2.1006   1.6325   3.9440   0.6449   0.7372   1.8449   0.00    0.0
2016/09/24 10:17:42.000   43.168681363    1.191957711   467.0872   5  19   2.1006   1.6325   3.9440   0.6448   0.7370   1.8448   0.00    0.0
2016/09/24 10:17:43.000   43.168682024    1.191960079   467.3218   5  19   2.1006   1.6326   3.9440   0.6447   0.7369   1.8447   0.00    0.0
2016/09/24 10:17:44.000   43.168681610    1.191960348   468.0375   5  19   2.1006   1.6326   3.9441   0.6446   0.7368   1.8446   0.00    0.0
2016/09/24 10:17:45.000   43.168681671    1.191960811   468.1236   5  19   2.1005   1.6327   3.9441   0.6444   0.7367   1.8446   0.00    0.0
2016/09/24 10:17:46.000   43.168680611    1.191957403   469.4547   5  19   2.1005   1.6328   3.9441   0.6443   0.7366   1.8445   0.00    0.0
2016/09/24 10:17:47.000   43.168682131    1.191958673   468.7444   5  19   2.1005   1.6328   3.9441   0.6442   0.7364   1.8444   0.00    0.0
2016/09/24 10:17:48.000   43.168683616    1.191960742   468.3413   5  19   2.1005   1.6329   3.9441   0.6441   0.7363   1.8443   0.00    0.0
2016/09/24 10:17:49.000   43.168683857    1.191960352   468.7519   5  19   2.1004   1.6330   3.9442   0.6440   0.7362   1.8442   0.00    0.0
2016/09/24 10:17:50.000   43.168678716    1.191944988   474.0007   5  18   2.1068   1.6609   4.1404   0.6812   0.4003   1.7874   0.00    0.0
2016/09/24 10:17:51.000   43.168678629    1.191945483   474.3010   5  18   2.1068   1.6609   4.1405   0.6811   0.4000   1.7873   0.00    0.0
2016/09/24 10:17:52.000   43.168678635    1.191946251   474.5078   5  18   2.1067   1.6610   4.1405   0.6810   0.3997   1.7871   0.00    0.0
2016/09/24 10:17:53.000   43.168678899    1.191946364   474.6093   5  18   2.1067   1.6611   4.1406   0.6809   0.3995   1.7870   0.00    0.0
2016/09/24 10:17:54.000   43.168680357    1.191944802   474.8762   5  18   2.1067   1.6611   4.1406   0.6808   0.3992   1.7869   0.00    0.0
2016/09/24 10:17:55.000   43.168680149    1.191944987   475.0260   5  19   2.0626   1.6532   4.1399   0.7303   0.3831   1.7958   0.00    0.0
2016/09/24 10:17:56.000   43.168681849    1.191946209   475.1130   5  19   2.0626   1.6532   4.1400   0.7302   0.3829   1.7957   0.00    0.0
2016/09/24 10:17:57.000   43.168680594    1.191946603   474.9962   5  19   2.0626   1.6533   4.1400   0.7301   0.3826   1.7955   0.00    0.0
2016/09/24 10:17:58.000   43.168680884    1.191946464   474.9606   5  19   2.0626   1.6534   4.1400   0.7301   0.3823   1.7954   0.00    0.0
2016/09/24 10:17:59.000   43.168680524    1.191944360   475.2040   5  19   2.0625   1.6534   4.1401   0.7300   0.3821   1.7952   0.00    0.0
2016/09/24 10:18:00.000   43.168678244    1.191943646   474.6436   5  19   2.0625   1.6535   4.1401   0.7299   0.3818   1.7951   0.00    0.0
2016/09/24 10:18:01.000   43.168677567    1.191942398   474.5200   5  19   2.0625   1.6535   4.1402   0.7299   0.3816   1.7949   0.00    0.0
2016/09/24 10:18:02.000   43.168680938    1.191954565   470.1919   5  20   2.0569   1.6246   3.9442   0.6970   0.7303   1.8472   0.00    0.0
2016/09/24 10:18:03.000   43.168679458    1.191953771   469.5131   5  20   2.0569   1.6247   3.9442   0.6969   0.7302   1.8471   0.00    0.0
2016/09/24 10:18:04.000   43.168677537    1.191951340   469.2421   5  20   2.0568   1.6247   3.9443   0.6968   0.7301   1.8470   0.00    0.0
2016/09/24 10:18:05.000   43.168677573    1.191945994   470.1872   5  20   2.0568   1.6248   3.9443   0.6967   0.7299   1.8469   0.00    0.0
2016/09/24 10:18:06.000   43.168679367    1.191949835   468.8095   5  20   2.0568   1.6249   3.9443   0.6966   0.7298   1.8468   0.00    0.0
2016/09/24 10:18:07.000   43.168677777    1.191944044   469.9614   5  20   2.0568   1.6249   3.9443   0.6965   0.7297   1.8467   0.00    0.0
2016/09/24 10:18:08.000   43.168676435    1.191942533   469.9067   5  20   2.0567   1.6250   3.9443   0.6964   0.7296   1.8466   0.00    0.0
2016/09/24 10:18:09.000   43.168674596    1.191942065   469.4871   5  20   2.0567   1.6250   3.9443   0.6963   0.7295   1.8464   0.00    0.0
2016/09/24 10:18:10.000   43.168675484    1.191946945   468.6378   5  20   2.0567   1.6251   3.9444   0.6962   0.7294   1.8463   0.00    0.0
2016/09/24 10:18:11.000   43.168676499    1.191946613   468.9662   5  20   2.0567   1.6251   3.9444   0.6961   0.7293   1.8462   0.00    0.0
2016/09/24 10:18:12.000   43.168676443    1.191942657   469.7474   5  20   2.0566   1.6252   3.9444   0.6960   0.7292   1.8461   0.00    0.0
2016/09/24 10:18:13.000   43.168676970    1.191942126   469.8655   5  20   2.0566   1.6253   3.9444   0.6959   0.7290   1.8460   0.00    0.0
2016/09/24 10:18:14.000   43.168678422    1.191945008   469.1433   5  20   2.0566   1.6253   3.9444   0.6958   0.7289   1.8459   0.00    0.0
2016/09/24 10:18:15.000   43.168678637    1.191946740   468.5621   5  20   2.0566   1.6254   3.9444   0.6957   0.7288   1.8458   0.00    0.0
2016/09/24 10:18:16.000   43.168678114    1.191949253   468.1794   5  20   2.0565   1.6254   3.9444   0.6956   0.7287   1.8457   0.00    0.0
2016/09/24 10:18:17.000   43.168678150    1.191953110   466.9764   5  20   2.0565   1.6255   3.9445   0.6956   0.7286   1.8455   0.00    0.0
2016/09/24 10:18:18.000   43.168678451    1.191956984   465.9864   5  20   2.0565   1.6255   3.9445   0.6955   0.7285   1.8454   0.00    0.0
2016/09/24 10:18:19.000   43.168671010    1.191939082   472.7328   5  19   2.0622   1.6546   4.1408   0.7286   0.3768   1.7922   0.00    0.0
2016/09/24 10:18:20.000   43.168670600    1.191939123   473.1384   5  19   2.0622   1.6547   4.1408   0.7285   0.3765   1.7920   0.00    0.0
2016/09/24 10:18:21.000   43.168675286    1.191954290   467.7593   5  20   2.0564   1.6257   3.9445   0.6952   0.7281   1.8451   0.00    0.0
2016/09/24 10:18:22.000   43.168667840    1.191938750   472.9940   5  19   2.0621   1.6548   4.1409   0.7284   0.3760   1.7917   0.00    0.0
2016/09/24 10:18:23.000   43.168668166    1.191936734   473.0033   5  19   2.0621   1.6548   4.1409   0.7283   0.3757   1.7916   0.00    0.0
2016/09/24 10:18:24.000   43.168668598    1.191937324   472.9332   5  19   2.0621   1.6549   4.1409   0.7282   0.3754   1.7914   0.00    0.0
2016/09/24 10:18:25.000   43.168667361    1.191936952   472.6936   5  19   2.0621   1.6550   4.1410   0.7282   0.3752   1.7913   0.00    0.0
2016/09/24 10:18:26.000   43.168667710    1.191936241   472.8755   5  19   2.0620   1.6550   4.1410   0.7281   0.3749   1.7911   0.00    0.0
2016/09/24 10:18:27.000   43.168667845    1.191936439   473.1494   5  19   2.0620   1.6551   4.1410   0.7280   0.3746   1.7909   0.00    0.0
2016/09/24 10:18:28.000   43.168667418    1.191936166   473.2396   5  19   2.0620   1.6551   4.1411   0.7279   0.3743   1.7908   0.00    0.0
2016/09/24 10:18:29.000   43.168665961    1.191936801   472.8729   5  19   2.0620   1.6552   4.1411   0.7279   0.3740   1.7906   0.00    0.0
2016/09/24 10:18:30.000   43.168666750    1.191935852   472.8528   5  19   2.0620   1.6552   4.1411   0.7278   0.3738   1.7905   0.00    0.0
2016/09/24 10:18:31.000   43.168667607    1.191935421   473.0502   5  19   2.0619   1.6553   4.1412   0.7277   0.3735   1.7903   0.00    0.0
2016/09/24 10:18:32.000   43.168669498    1.191933996   473.2316   5  19   2.0619   1.6554   4.1412   0.7277   0.3732   1.7902   0.00    0.0
2016/09/24 10:18:33.000   43.168671119    1.191933957   473.2362   5  19   2.0619   1.6554   4.1412   0.7276   0.3729   1.7900   0.00    0.0
2016/09/24 10:18:34.000   43.168670474    1.191934631   473.1230   5  19   2.0619   1.6555   4.1413   0.7275   0.3726   1.7898   0.00    0.0
2016/09/24 10:18:35.000   43.168669183    1.191933348   473.0385   5  19   2.0619   1.6555   4.1413   0.7274   0.3724   1.7897   0.00    0.0
2016/09/24 10:18:36.000   43.168669319    1.191933955   472.9111   5  19   2.0618   1.6556   4.1413   0.7274   0.3721   1.7895   0.00    0.0
2016/09/24 10:18:37.000   43.168670248    1.191932408   472.9828   5  19   2.0618   1.6557   4.1413   0.7273   0.3718   1.7894   0.00    0.0
2016/09/24 10:18:38.000   43.168671452    1.191933708   472.9266   5  19   2.0618   1.6557   4.1414   0.7272   0.3715   1.7892   0.00    0.0
2016/09/24 10:18:39.000   43.168673103    1.191933987   473.1802   5  19   2.0618   1.6558   4.1414   0.7272   0.3712   1.7890   0.00    0.0
2016/09/24 10:18:40.000   43.168671845    1.191935413   472.9951   5  19   2.0618   1.6558   4.1414   0.7271   0.3709   1.7889   0.00    0.0
2016/09/24 10:18:41.000   43.168673268    1.191935356   473.0253   5  19   2.0618   1.6559   4.1415   0.7270   0.3706   1.7887   0.00    0.0
2016/09/24 10:18:42.000   43.168673621    1.191936518   472.7802   5  19   2.0617   1.6560   4.1415   0.7269   0.3703   1.7886   0.00    0.0
2016/09/24 10:18:43.000   43.168674640    1.191936891   472.6743   5  19   2.0617   1.6560   4.1415   0.7269   0.3701   1.7884   0.00    0.0
2016/09/24 10:18:44.000   43.168675482    1.191937261   472.5089   5  19   2.0617   1.6561   4.1415   0.7268   0.3698   1.7882   0.00    0.0
2016/09/24 10:18:45.000   43.168675182    1.191937053   472.4539   5  19   2.0617   1.6561   4.1416   0.7267   0.3695   1.7881   0.00    0.0
2016/09/24 10:18:46.000   43.168676896    1.191935782   472.5278   5  19   2.0617   1.6562   4.1416   0.7266   0.3692   1.7879   0.00    0.0
2016/09/24 10:18:47.000   43.168676832    1.191935487   472.8285   5  19   2.0616   1.6563   4.1416   0.7266   0.3689   1.7877   0.00    0.0
2016/09/24 10:18:48.000   43.168676576    1.191934239   472.6675   5  19   2.0616   1.6563   4.1417   0.7265   0.3686   1.7876   0.00    0.0
2016/09/24 10:18:49.000   43.168675954    1.191934150   472.8103   5  19   2.0616   1.6564   4.1417   0.7264   0.3683   1.7874   0.00    0.0
2016/09/24 10:18:50.000   43.168674644    1.191934584   472.4140   5  19   2.0616   1.6564   4.1417   0.7264   0.3680   1.7873   0.00    0.0
2016/09/24 10:18:51.000   43.168674274    1.191935848   472.2322   5  19   2.0616   1.6565   4.1417   0.7263   0.3677   1.7871   0.00    0.0
2016/09/24 10:18:52.000   43.168673964    1.191936079   471.9768   5  19   2.0615   1.6566   4.1418   0.7262   0.3674   1.7869   0.00    0.0
2016/09/24 10:18:53.000   43.168672374    1.191935743   471.9020   5  19   2.0615   1.6566   4.1418   0.7261   0.3671   1.7868   0.00    0.0
2016/09/24 10:18:54.000   43.168670165    1.191936060   471.5603   5  19   2.0952   1.6721   4.1616   0.7257   0.4351   1.8337   0.00    0.0
2016/09/24 10:18:55.000   43.168668420    1.191936801   471.2914   5  19   2.0951   1.6722   4.1616   0.7256   0.4349   1.8335   0.00    0.0
2016/09/24 10:18:56.000   43.168666743    1.191936543   470.7966   5  19   2.0951   1.6722   4.1616   0.7255   0.4347   1.8334   0.00    0.0
2016/09/24 10:18:57.000   43.168665323    1.191935589   470.9284   5  18   2.0968   1.7151   4.2704   0.7029  -0.4195   1.8552   0.00    0.0
2016/09/24 10:18:58.000   43.168664695    1.191937039   470.7348   5  19   2.0951   1.6723   4.1616   0.7254   0.4342   1.8331   0.00    0.0
2016/09/24 10:18:59.000   43.168663613    1.191938256   470.2272   5  19   2.0950   1.6724   4.1616   0.7253   0.4340   1.8329   0.00    0.0
2016/09/24 10:19:00.000   43.168662296    1.191938250   470.2435   5  19   2.0950   1.6725   4.1616   0.7252   0.4338   1.8328   0.00    0.0
2016/09/24 10:19:01.000   43.168662865    1.191938178   470.5523   5  19   2.0950   1.6725   4.1616   0.7252   0.4336   1.8326   0.00    0.0
2016/09/24 10:19:02.000   43.168663401    1.191937886   470.7616   5  19   2.0950   1.6726   4.1616   0.7251   0.4334   1.8325   0.00    0.0
2016/09/24 10:19:03.000   43.168660954    1.191936200   470.4983   5  19   2.0950   1.6726   4.1616   0.7250   0.4331   1.8323   0.00    0.0
2016/09/24 10:19:04.000   43.168661227    1.191933979   470.9778   5  18   2.0967   1.7154   4.2706   0.7023  -0.4211   1.8543   0.00    0.0
2016/09/24 10:19:05.000   43.168661725    1.191936304   470.9009   5  19   2.0949   1.6727   4.1616   0.7248   0.4327   1.8320   0.00    0.0
2016/09/24 10:19:06.000   43.168662820    1.191935034   470.8673   5  19   2.0949   1.6728   4.1615   0.7248   0.4325   1.8319   0.00    0.0
2016/09/24 10:19:07.000   43.168662703    1.191933915   470.6336   5  19   2.0949   1.6728   4.1615   0.7247   0.4322   1.8317   0.00    0.0
2016/09/24 10:19:08.000   43.168663883    1.191933756   470.8116   5  19   2.0949   1.6729   4.1615   0.7246   0.4320   1.8315   0.00    0.0
2016/09/24 10:19:09.000   43.168664381    1.191929725   471.1730   5  19   2.0948   1.6729   4.1615   0.7245   0.4318   1.8314   0.00    0.0
2016/09/24 10:19:10.000   43.168663939    1.191928939   470.9776   5  19   2.0948   1.6730   4.1615   0.7244   0.4315   1.8312   0.00    0.0
2016/09/24 10:19:11.000   43.168663162    1.191930187   470.9781   5  19   2.0948   1.6730   4.1615   0.7244   0.4313   1.8311   0.00    0.0
2016/09/24 10:19:12.000   43.168663451    1.191931298   470.8976   5  19   2.0948   1.6731   4.1615   0.7243   0.4311   1.8309   0.00    0.0
2016/09/24 10:19:13.000   43.168663539    1.191930232   470.9213   5  19   2.0948   1.6732   4.1615   0.7242   0.4309   1.8308   0.00    0.0
2016/09/24 10:19:14.000   43.168662119    1.191932180   470.9503   5  19   2.0947   1.6732   4.1615   0.7241   0.4306   1.8306   0.00    0.0
2016/09/24 10:19:15.000   43.168662059    1.191930794   470.8929   5  19   2.0947   1.6733   4.1615   0.7241   0.4304   1.8304   0.00    0.0
2016/09/24 10:19:16.000   43.168662547    1.191930921   470.7625   5  19   2.0947   1.6733   4.1615   0.7240   0.4302   1.8303   0.00    0.0
2016/09/24 10:19:17.000   43.168663161    1.191931939   470.8322   5  19   2.0947   1.6734   4.1615   0.7239   0.4299   1.8301   0.00    0.0
2016/09/24 10:19:18.000   43.168662541    1.191931949   470.5427   5  19   2.0947   1.6734   4.1615   0.7238   0.4297   1.8300   0.00    0.0
2016/09/24 10:19:19.000   43.168662372    1.191932394   470.5659   5  19   2.0946   1.6735   4.1615   0.7237   0.4295   1.8298   0.00    0.0
2016/09/24 10:19:20.000   43.168661754    1.191932727   470.6679   5  19   2.0946   1.6735   4.1615   0.7237   0.4292   1.8297   0.00    0.0
2016/09/24 10:19:21.000   43.168661175    1.191934351   470.8446   5  19   2.0946   1.6736   4.1615   0.7236   0.4290   1.8295   0.00    0.0
2016/09/24 10:19:22.000   43.168661900    1.191934948   471.0421   5  19   2.0946   1.6736   4.1614   0.7235   0.4288   1.8293   0.00    0.0
2016/09/24 10:19:23.000   43.168661954    1.191933853   471.0075   5  19   2.0945   1.6737   4.1614   0.7234   0.4285   1.8292   0.00    0.0
2016/09/24 10:19:24.000   43.168661991    1.191934468   470.9663   5  19   2.0945   1.6738   4.1614   0.7233   0.4283   1.8290   0.00    0.0
2016/09/24 10:19:25.000   43.168662752    1.191934856   471.5224   5  19   2.0945   1.6738   4.1614   0.7233   0.4280   1.8289   0.00    0.0
2016/09/24 10:19:26.000   43.168664238    1.191933351   471.9905   5  19   2.0945   1.6739   4.1614   0.7232   0.4278   1.8287   0.00    0.0
2016/09/24 10:19:27.000   43.168663782    1.191933738   471.9676   5  19   2.0945   1.6739   4.1614   0.7231   0.4276   1.8285   0.00    0.0
2016/09/24 10:19:28.000   43.168663306    1.191934852   471.6809   5  19   2.0944   1.6740   4.1614   0.7230   0.4273   1.8284   0.00    0.0
2016/09/24 10:19:29.000   43.168662656    1.191933209   471.7435   5  19   2.0944   1.6740   4.1614   0.7229   0.4271   1.8282   0.00    0.0
2016/09/24 10:19:30.000   43.168664155    1.191933972   471.9598   5  19   2.0944   1.6741   4.1614   0.7229   0.4268   1.8281   0.00    0.0
2016/09/24 10:19:31.000   43.168664460    1.191934544   471.8401   5  19   2.0944   1.6741   4.1614   0.7228   0.4266   1.8279   0.00    0.0
2016/09/24 10:19:32.000   43.168665569    1.191934857   472.0492   5  19   2.0944   1.6742   4.1614   0.7227   0.4264   1.8277   0.00    0.0
2016/09/24 10:19:33.000   43.168666548    1.191935162   472.2782   5  19   2.0943   1.6742   4.1614   0.7226   0.4261   1.8276   0.00    0.0
2016/09/24 10:19:34.000   43.168665220    1.191934330   472.3733   5  19   2.0943   1.6743   4.1613   0.7225   0.4259   1.8274   0.00    0.0
2016/09/24 10:19:35.000   43.168664936    1.191934145   472.4593   5  19   2.0943   1.6744   4.1613   0.7225   0.4256   1.8272   0.00    0.0
2016/09/24 10:19:36.000   43.168666206    1.191934452   472.8124   5  19   2.0943   1.6744   4.1613   0.7224   0.4254   1.8271   0.00    0.0
2016/09/24 10:19:37.000   43.168667105    1.191934541   473.0053   5  19   2.0942   1.6745   4.1613   0.7223   0.4251   1.8269   0.00    0.0
2016/09/24 10:19:38.000   43.168667740    1.191934701   473.1788   5  19   2.0942   1.6745   4.1613   0.7222   0.4249   1.8268   0.00    0.0
2016/09/24 10:19:39.000   43.168667857    1.191935648   473.2745   5  19   2.0942   1.6746   4.1613   0.7221   0.4246   1.8266   0.00    0.0
2016/09/24 10:19:40.000   43.168668940    1.191934600   473.7782   5  19   2.0942   1.6746   4.1613   0.7221   0.4244   1.8264   0.00    0.0
2016/09/24 10:19:41.000   43.168668408    1.191935310   473.7229   5  19   2.0942   1.6747   4.1613   0.7220   0.4241   1.8263   0.00    0.0
2016/09/24 10:19:42.000   43.168670106    1.191934973   474.0069   5  19   2.0941   1.6747   4.1613   0.7219   0.4239   1.8261   0.00    0.0
2016/09/24 10:19:43.000   43.168669964    1.191935897   474.2015   5  19   2.0941   1.6748   4.1612   0.7218   0.4236   1.8259   0.00    0.0
2016/09/24 10:19:44.000   43.168670664    1.191936527   473.9127   5  19   2.0941   1.6748   4.1612   0.7217   0.4234   1.8258   0.00    0.0
2016/09/24 10:19:45.000   43.168671541    1.191935423   473.7381   5  19   2.0941   1.6749   4.1612   0.7217   0.4231   1.8256   0.00    0.0
2016/09/24 10:19:46.000   43.168670325    1.191936483   473.4237   5  19   2.0941   1.6750   4.1612   0.7216   0.4229   1.8254   0.00    0.0
2016/09/24 10:19:47.000   43.168669998    1.191937045   473.4660   5  19   2.0940   1.6750   4.1612   0.7215   0.4226   1.8253   0.00    0.0
2016/09/24 10:19:48.000   43.168668905    1.191937060   473.1344   5  19   2.0940   1.6751   4.1612   0.7214   0.4224   1.8251   0.00    0.0
2016/09/24 10:19:49.000   43.168668774    1.191939329   473.2638   5  19   2.0940   1.6751   4.1612   0.7213   0.4221   1.8249   0.00    0.0
2016/09/24 10:19:50.000   43.168667493    1.191940111   472.7211   5  19   2.0940   1.6752   4.1612   0.7213   0.4219   1.8248   0.00    0.0
2016/09/24 10:19:51.000   43.168667084    1.191940950   472.5879   5  19   2.0939   1.6752   4.1612   0.7212   0.4216   1.8246   0.00    0.0
2016/09/24 10:19:52.000   43.168665449    1.191941632   472.5638   5  19   2.0939   1.6753   4.1611   0.7211   0.4214   1.8244   0.00    0.0
2016/09/24 10:19:53.000   43.168664076    1.191940586   472.2785   5  19   2.0939   1.6753   4.1611   0.7210   0.4211   1.8243   0.00    0.0
2016/09/24 10:19:54.000   43.168663836    1.191940920   472.1418   5  19   2.0939   1.6754   4.1611   0.7209   0.4208   1.8241   0.00    0.0
2016/09/24 10:19:55.000   43.168663255    1.191939525   471.6724   5  19   2.0939   1.6755   4.1611   0.7208   0.4206   1.8239   0.00    0.0
2016/09/24 10:19:56.000   43.168662740    1.191940921   471.6981   5  19   2.0938   1.6755   4.1611   0.7208   0.4203   1.8238   0.00    0.0
2016/09/24 10:19:57.000   43.168662597    1.191943248   471.5820   5  19   2.0938   1.6756   4.1611   0.7207   0.4201   1.8236   0.00    0.0
2016/09/24 10:19:58.000   43.168662383    1.191943546   471.5845   5  19   2.0938   1.6756   4.1611   0.7206   0.4198   1.8234   0.00    0.0
2016/09/24 10:19:59.000   43.168662611    1.191944003   471.6368   5  19   2.0938   1.6757   4.1611   0.7205   0.4195   1.8233   0.00    0.0
2016/09/24 10:20:00.000   43.168663057    1.191944182   471.6543   5  19   2.0938   1.6757   4.1610   0.7204   0.4193   1.8231   0.00    0.0
2016/09/24 10:20:01.000   43.168663660    1.191944699   471.8973   5  19   2.0937   1.6758   4.1610   0.7204   0.4190   1.8229   0.00    0.0
2016/09/24 10:20:02.000   43.168665369    1.191945501   472.3988   5  19   2.0937   1.6758   4.1610   0.7203   0.4188   1.8228   0.00    0.0
2016/09/24 10:20:03.000   43.168666336    1.191945074   472.7084   5  19   2.0937   1.6759   4.1610   0.7202   0.4185   1.8226   0.00    0.0
2016/09/24 10:20:04.000   43.168667466    1.191944768   472.7866   5  19   2.0937   1.6760   4.1610   0.7201   0.4182   1.8224   0.00    0.0
2016/09/24 10:20:05.000   43.168667580    1.191946319   472.8677   5  19   2.0936   1.6760   4.1610   0.7200   0.4180   1.8223   0.00    0.0
2016/09/24 10:20:06.000   43.168668167    1.191945326   472.5739   5  19   2.0936   1.6761   4.1610   0.7199   0.4177   1.8221   0.00    0.0
2016/09/24 10:20:07.000   43.168668813    1.191944166   472.9402   5  19   2.0936   1.6761   4.1609   0.7199   0.4174   1.8219   0.00    0.0
2016/09/24 10:20:08.000   43.168670000    1.191944986   472.6117   5  19   2.0936   1.6762   4.1609   0.7198   0.4172   1.8218   0.00    0.0
2016/09/24 10:20:09.000   43.168670458    1.191944745   472.4359   5  19   2.0936   1.6762   4.1609   0.7197   0.4169   1.8216   0.00    0.0
2016/09/24 10:20:10.000   43.168670682    1.191946008   471.8272   5  19   2.0935   1.6763   4.1609   0.7196   0.4166   1.8214   0.00    0.0
2016/09/24 10:20:11.000   43.168671951    1.191947111   471.2580   5  19   2.0935   1.6764   4.1609   0.7195   0.4163   1.8212   0.00    0.0
2016/09/24 10:20:12.000   43.168669665    1.191942200   472.4233   5  19   2.0935   1.6764   4.1609   0.7195   0.4161   1.8211   0.00    0.0
2016/09/24 10:20:13.000   43.168670164    1.191942515   472.2396   5  19   2.0935   1.6765   4.1608   0.7194   0.4158   1.8209   0.00    0.0
2016/09/24 10:20:14.000   43.168668674    1.191940384   472.7094   5  19   2.0934   1.6765   4.1608   0.7193   0.4155   1.8207   0.00    0.0
2016/09/24 10:20:15.000   43.168667254    1.191939077   472.6395   5  19   2.0934   1.6766   4.1608   0.7192   0.4153   1.8206   0.00    0.0
2016/09/24 10:20:16.000   43.168667652    1.191938636   472.1855   5  19   2.0934   1.6766   4.1608   0.7191   0.4150   1.8204   0.00    0.0
2016/09/24 10:20:17.000   43.168670109    1.191938696   472.1360   5  19   2.0934   1.6767   4.1608   0.7190   0.4147   1.8202   0.00    0.0
2016/09/24 10:20:18.000   43.168671577    1.191939277   471.9736   5  19   2.0934   1.6767   4.1608   0.7190   0.4144   1.8200   0.00    0.0
2016/09/24 10:20:19.000   43.168672699    1.191939337   472.1606   5  19   2.0933   1.6768   4.1607   0.7189   0.4142   1.8199   0.00    0.0
2016/09/24 10:20:20.000   43.168672781    1.191939057   471.7105   5  19   2.0933   1.6769   4.1607   0.7188   0.4139   1.8197   0.00    0.0
2016/09/24 10:20:21.000   43.168673747    1.191939136   471.5287   5  19   2.0933   1.6769   4.1607   0.7187   0.4136   1.8195   0.00    0.0
2016/09/24 10:20:22.000   43.168675238    1.191941109   471.3416   5  19   2.0933   1.6770   4.1607   0.7186   0.4133   1.8193   0.00    0.0
2016/09/24 10:20:23.000   43.168676215    1.191943269   471.5657   5  19   2.0932   1.6770   4.1607   0.7185   0.4130   1.8192   0.00    0.0
2016/09/24 10:20:24.000   43.168677503    1.191945710   471.8972   5  19   2.0932   1.6771   4.1607   0.7185   0.4128   1.8190   0.00    0.0
2016/09/24 10:20:25.000   43.168677183    1.191947113   471.8055   5  19   2.0932   1.6771   4.1606   0.7184   0.4125   1.8188   0.00    0.0
2016/09/24 10:20:26.000   43.168677468    1.191945609   471.6287   5  19   2.0932   1.6772   4.1606   0.7183   0.4122   1.8186   0.00    0.0
2016/09/24 10:20:27.000   43.168677299    1.191946535   471.5532   5  19   2.0932   1.6773   4.1606   0.7182   0.4119   1.8185   0.00    0.0
2016/09/24 10:20:28.000   43.168675179    1.191946934   471.2508   5  19   2.0931   1.6773   4.1606   0.7181   0.4116   1.8183   0.00    0.0
2016/09/24 10:20:29.000   43.168677628    1.191948661   471.5781   5  19   2.0931   1.6774   4.1606   0.7180   0.4113   1.8181   0.00    0.0
2016/09/24 10:20:30.000   43.168677989    1.191949125   471.7545   5  19   2.0931   1.6774   4.1606   0.7179   0.4111   1.8179   0.00    0.0
2016/09/24 10:20:31.000   43.168680272    1.191948724   472.0998   5  19   2.0931   1.6775   4.1605   0.7179   0.4108   1.8178   0.00    0.0
2016/09/24 10:20:32.000   43.168679213    1.191950139   471.8964   5  19   2.0930   1.6775   4.1605   0.7178   0.4105   1.8176   0.00    0.0
2016/09/24 10:20:33.000   43.168679982    1.191950878   471.9961   5  19   2.0930   1.6776   4.1605   0.7177   0.4102   1.8174   0.00    0.0
2016/09/24 10:20:34.000   43.168680454    1.191950268   471.9558   5  19   2.0930   1.6777   4.1605   0.7176   0.4099   1.8172   0.00    0.0
2016/09/24 10:20:35.000   43.168678945    1.191952360   472.0477   5  19   2.0930   1.6777   4.1605   0.7175   0.4096   1.8171   0.00    0.0
2016/09/24 10:20:36.000   43.168677498    1.191953192   472.0391   5  19   2.0930   1.6778   4.1604   0.7174   0.4093   1.8169   0.00    0.0
2016/09/24 10:20:37.000   43.168679295    1.191953995   472.0545   5  19   2.0929   1.6778   4.1604   0.7174   0.4090   1.8167   0.00    0.0
2016/09/24 10:20:38.000   43.168678797    1.191954623   472.2538   5  19   2.0929   1.6779   4.1604   0.7173   0.4087   1.8165   0.00    0.0
2016/09/24 10:20:39.000   43.168677042    1.191954102   472.8162   5  19   2.0929   1.6779   4.1604   0.7172   0.4084   1.8164   0.00    0.0
2016/09/24 10:20:40.000   43.168679554    1.191959364   471.1747   5  19   2.0929   1.6780   4.1604   0.7171   0.4081   1.8162   0.00    0.0
2016/09/24 10:20:41.000   43.168678308    1.191958793   471.7062   5  19   2.0928   1.6781   4.1603   0.7170   0.4078   1.8160   0.00    0.0
2016/09/24 10:20:42.000   43.168678742    1.191961988   471.3145   5  19   2.0928   1.6781   4.1603   0.7169   0.4076   1.8158   0.00    0.0
2016/09/24 10:20:43.000   43.168676887    1.191959959   471.2582   5  19   2.0928   1.6782   4.1603   0.7168   0.4073   1.8156   0.00    0.0
2016/09/24 10:20:44.000   43.168674838    1.191958622   471.9862   5  19   2.0928   1.6782   4.1603   0.7168   0.4070   1.8155   0.00    0.0
2016/09/24 10:20:45.000   43.168674872    1.191958336   472.2181   5  19   2.0928   1.6783   4.1603   0.7167   0.4067   1.8153   0.00    0.0
2016/09/24 10:20:46.000   43.168674831    1.191959294   471.9992   5  19   2.0927   1.6783   4.1602   0.7166   0.4064   1.8151   0.00    0.0
2016/09/24 10:20:47.000   43.168672805    1.191955427   473.1474   5  19   2.0927   1.6784   4.1602   0.7165   0.4061   1.8149   0.00    0.0
2016/09/24 10:20:48.000   43.168671286    1.191955873   472.4098   5  19   2.0927   1.6785   4.1602   0.7164   0.4058   1.8147   0.00    0.0
2016/09/24 10:20:49.000   43.168673198    1.191960502   471.3925   5  19   2.0927   1.6785   4.1602   0.7163   0.4055   1.8146   0.00    0.0
2016/09/24 10:20:50.000   43.168670068    1.191953915   472.5662   5  19   2.0926   1.6786   4.1602   0.7162   0.4051   1.8144   0.00    0.0
2016/09/24 10:20:51.000   43.168669725    1.191956388   471.5826   5  19   2.0926   1.6786   4.1601   0.7162   0.4048   1.8142   0.00    0.0
2016/09/24 10:20:52.000   43.168671233    1.191958529   471.0353   5  19   2.0926   1.6787   4.1601   0.7161   0.4045   1.8140   0.00    0.0
2016/09/24 10:20:53.000   43.168669528    1.191959068   470.4566   5  19   2.0926   1.6787   4.1601   0.7160   0.4042   1.8138   0.00    0.0
2016/09/24 10:20:54.000   43.168667031    1.191955959   471.0471   5  19   2.0926   1.6788   4.1601   0.7159   0.4039   1.8137   0.00    0.0
2016/09/24 10:20:55.000   43.168667069    1.191952409   471.3142   5  19   2.0925   1.6789   4.1601   0.7158   0.4036   1.8135   0.00    0.0
2016/09/24 10:20:56.000   43.168664831    1.191949415   472.3547   5  19   2.0925   1.6789   4.1600   0.7157   0.4033   1.8133   0.00    0.0
2016/09/24 10:20:57.000   43.168664716    1.191948934   472.3440   5  19   2.0925   1.6790   4.1600   0.7156   0.4030   1.8131   0.00    0.0
2016/09/24 10:20:58.000   43.168668656    1.191956320   469.9344   5  19   2.0925   1.6790   4.1600   0.7156   0.4027   1.8129   0.00    0.0
2016/09/24 10:20:59.000   43.168668486    1.191954689   469.6122   5  19   2.0924   1.6791   4.1600   0.7155   0.4024   1.8128   0.00    0.0
2016/09/24 10:21:00.000   43.168667309    1.191952740   469.5335   5  19   2.0924   1.6791   4.1600   0.7154   0.4021   1.8126   0.00    0.0
2016/09/24 10:21:01.000   43.168667154    1.191951569   469.4200   5  19   2.0924   1.6792   4.1599   0.7153   0.4018   1.8124   0.00    0.0
2016/09/24 10:21:02.000   43.168666102    1.191948222   469.8645   5  19   2.0924   1.6793   4.1599   0.7152   0.4014   1.8122   0.00    0.0
2016/09/24 10:21:03.000   43.168667996    1.191951500   468.9081   5  19   2.0923   1.6793   4.1599   0.7151   0.4011   1.8120   0.00    0.0
2016/09/24 10:21:04.000   43.168667863    1.191949337   468.9585   5  19   2.0923   1.6794   4.1599   0.7150   0.4008   1.8118   0.00    0.0
2016/09/24 10:21:05.000   43.168671920    1.191951426   468.5100   5  19   2.0923   1.6794   4.1598   0.7150   0.4005   1.8117   0.00    0.0
2016/09/24 10:21:06.000   43.168671164    1.191951051   468.7600   5  19   2.0923   1.6795   4.1598   0.7149   0.4002   1.8115   0.00    0.0
2016/09/24 10:21:07.000   43.168671098    1.191951848   468.5453   5  19   2.0923   1.6796   4.1598   0.7148   0.3998   1.8113   0.00    0.0
2016/09/24 10:21:08.000   43.168671323    1.191951842   468.7884   5  19   2.0922   1.6796   4.1598   0.7147   0.3995   1.8111   0.00    0.0
2016/09/24 10:21:09.000   43.168671234    1.191949868   468.4271   5  20   1.9870   1.5809   3.6394   0.3726  -0.9920   1.3999   0.00    0.0
2016/09/24 10:21:10.000   43.168672639    1.191950547   469.5433   5  19   2.0922   1.6797   4.1597   0.7145   0.3989   1.8107   0.00    0.0
2016/09/24 10:21:11.000   43.168678347    1.191956153   471.3758   5  20   1.9871   1.5809   3.6396   0.3724  -0.9923   1.3998   0.00    0.0
2016/09/24 10:21:12.000   43.168679549    1.191958438   471.7204   5  20   1.9871   1.5810   3.6397   0.3723  -0.9924   1.3997   0.00    0.0
2016/09/24 10:21:13.000   43.168671643    1.191952383   468.9840   5  19   2.0921   1.6799   4.1597   0.7143   0.3979   1.8102   0.00    0.0
2016/09/24 10:21:14.000   43.168680545    1.191963948   472.4429   5  20   1.9871   1.5811   3.6399   0.3721  -0.9926   1.3995   0.00    0.0
2016/09/24 10:21:15.000   43.168684046    1.191969147   473.7431   5  20   1.9872   1.5811   3.6400   0.3719  -0.9928   1.3994   0.00    0.0
2016/09/24 10:21:16.000   43.168683401    1.191969796   474.0129   5  20   1.9872   1.5811   3.6401   0.3718  -0.9929   1.3993   0.00    0.0
2016/09/24 10:21:17.000   43.168681491    1.191967777   473.6881   5  20   1.9872   1.5812   3.6402   0.3717  -0.9930   1.3993   0.00    0.0
2016/09/24 10:21:18.000   43.168681451    1.191968897   473.2983   5  20   1.9872   1.5812   3.6403   0.3716  -0.9932   1.3992   0.00    0.0
2016/09/24 10:21:19.000   43.168682478    1.191971974   473.5912   5  20   1.9873   1.5813   3.6404   0.3715  -0.9933   1.3991   0.00    0.0
2016/09/24 10:21:20.000   43.168678832    1.191976458   470.8959   5  20   1.9873   1.5813   3.6405   0.3714  -0.9934   1.3990   0.00    0.0
2016/09/24 10:21:21.000   43.168677037    1.191972283   470.3392   5  20   1.9873   1.5813   3.6406   0.3713  -0.9936   1.3989   0.00    0.0
2016/09/24 10:21:22.000   43.168678449    1.191969116   470.0176   5  20   1.9873   1.5814   3.6407   0.3712  -0.9937   1.3989   0.00    0.0
2016/09/24 10:21:23.000   43.168679450    1.191970067   469.3520   5  20   1.9874   1.5814   3.6408   0.3711  -0.9938   1.3988   0.00    0.0
2016/09/24 10:21:24.000   43.168679444    1.191965017   469.8373   5  20   1.9874   1.5815   3.6409   0.3710  -0.9940   1.3987   0.00    0.0
2016/09/24 10:21:25.000   43.168679800    1.191967684   468.8885   5  20   1.9874   1.5815   3.6410   0.3709  -0.9941   1.3986   0.00    0.0
2016/09/24 10:21:26.000   43.168679325    1.191966841   468.1855   5  20   1.9874   1.5816   3.6411   0.3707  -0.9942   1.3985   0.00    0.0
2016/09/24 10:21:27.000   43.168678777    1.191967842   467.9961   5  20   1.9875   1.5816   3.6412   0.3706  -0.9943   1.3985   0.00    0.0
2016/09/24 10:21:28.000   43.168677864    1.191969363   468.7338   5  20   1.9875   1.5816   3.6413   0.3705  -0.9945   1.3984   0.00    0.0
2016/09/24 10:21:29.000   43.168678132    1.191969147   468.2807   5  20   1.9875   1.5817   3.6414   0.3704  -0.9946   1.3983   0.00    0.0
2016/09/24 10:21:30.000   43.168678829    1.191969686   468.4717   5  20   1.9875   1.5817   3.6415   0.3703  -0.9947   1.3982   0.00    0.0
2016/09/24 10:21:31.000   43.168678602    1.191965051   468.4357   5  20   1.9876   1.5818   3.6416   0.3702  -0.9949   1.3981   0.00    0.0
2016/09/24 10:21:32.000   43.168675340    1.191966213   467.4488   5  20   1.9876   1.5818   3.6417   0.3701  -0.9950   1.3981   0.00    0.0
2016/09/24 10:21:33.000   43.168674230    1.191963903   467.4413   5  20   1.9876   1.5818   3.6418   0.3700  -0.9951   1.3980   0.00    0.0
2016/09/24 10:21:34.000   43.168673738    1.191961531   467.1062   5  20   1.9876   1.5819   3.6419   0.3699  -0.9953   1.3979   0.00    0.0
2016/09/24 10:21:35.000   43.168672207    1.191957681   466.5484   5  20   1.9877   1.5819   3.6420   0.3698  -0.9954   1.3978   0.00    0.0
2016/09/24 10:21:36.000   43.168676233    1.191959836   467.0468   5  20   1.9877   1.5820   3.6421   0.3697  -0.9955   1.3977   0.00    0.0
2016/09/24 10:21:37.000   43.168677749    1.191962341   467.9795   5  20   1.9877   1.5820   3.6422   0.3696  -0.9957   1.3976   0.00    0.0
2016/09/24 10:21:38.000   43.168676642    1.191957886   468.5199   5  20   1.9878   1.5820   3.6423   0.3695  -0.9958   1.3976   0.00    0.0
2016/09/24 10:21:39.000   43.168677243    1.191959643   469.0178   5  20   1.9878   1.5821   3.6424   0.3693  -0.9959   1.3975   0.00    0.0
2016/09/24 10:21:40.000   43.168678895    1.191966010   470.7683   5  20   1.9878   1.5821   3.6425   0.3692  -0.9961   1.3974   0.00    0.0
2016/09/24 10:21:41.000   43.168681909    1.191971916   471.5313   5  20   1.9878   1.5822   3.6426   0.3691  -0.9962   1.3973   0.00    0.0
2016/09/24 10:21:42.000   43.168684709    1.191978113   472.5058   5  20   1.9879   1.5822   3.6427   0.3690  -0.9963   1.3972   0.00    0.0
2016/09/24 10:21:43.000   43.168685183    1.191977517   472.5360   5  20   1.9879   1.5823   3.6428   0.3689  -0.9965   1.3972   0.00    0.0
2016/09/24 10:21:44.000   43.168687101    1.191979574   473.3194   5  20   1.9879   1.5823   3.6429   0.3688  -0.9966   1.3971   0.00    0.0
2016/09/24 10:21:45.000   43.168682332    1.191969903   474.0155   5  20   1.9879   1.5823   3.6430   0.3687  -0.9967   1.3970   0.00    0.0
2016/09/24 10:21:46.000   43.168681387    1.191975077   473.2730   5  20   1.9880   1.5824   3.6431   0.3686  -0.9969   1.3969   0.00    0.0
2016/09/24 10:21:47.000   43.168678907    1.191971233   472.9427   5  20   1.9880   1.5824   3.6432   0.3685  -0.9970   1.3968   0.00    0.0
2016/09/24 10:21:48.000   43.168676571    1.191972811   472.0922   5  20   1.9880   1.5825   3.6433   0.3684  -0.9971   1.3967   0.00    0.0
2016/09/24 10:21:49.000   43.168681278    1.191983003   472.7654   5  20   1.9880   1.5825   3.6434   0.3683  -0.9973   1.3967   0.00    0.0
2016/09/24 10:21:50.000   43.168684268    1.191989684   473.0158   5  20   1.9881   1.5826   3.6435   0.3682  -0.9974   1.3966   0.00    0.0
2016/09/24 10:21:54.000   43.168664899    1.191970473   467.1700   5  20   1.9882   1.5827   3.6439   0.3677  -0.9979   1.3962   0.00    0.0
2016/09/24 10:21:55.000   43.168660365    1.191963207   466.4722   5  20   1.9882   1.5828   3.6440   0.3676  -0.9981   1.3962   0.00    0.0
2016/09/24 10:21:56.000   43.168658924    1.191959467   465.7881   5  20   1.9882   1.5828   3.6441   0.3675  -0.9982   1.3961   0.00    0.0
2016/09/24 10:21:57.000   43.168661050    1.191961895   466.2240   5  20   1.9883   1.5829   3.6442   0.3674  -0.9984   1.3960   0.00    0.0
2016/09/24 10:21:58.000   43.168659235    1.191960665   465.8760   5  20   1.9883   1.5829   3.6443   0.3673  -0.9985   1.3959   0.00    0.0
2016/09/24 10:21:59.000   43.168662881    1.191966039   465.5948   5  20   1.9883   1.5829   3.6444   0.3672  -0.9986   1.3958   0.00    0.0
2016/09/24 10:22:00.000   43.168663583    1.191966579   465.1012   5  20   1.9883   1.5830   3.6445   0.3671  -0.9988   1.3957   0.00    0.0
2016/09/24 10:22:01.000   43.168660764    1.191963103   465.0031   5  20   1.9884   1.5830   3.6446   0.3670  -0.9989   1.3957   0.00    0.0
2016/09/24 10:22:02.000   43.168662369    1.191959973   465.3786   5  20   1.9884   1.5831   3.6447   0.3669  -0.9990   1.3956   0.00    0.0
2016/09/24 10:22:03.000   43.168663361    1.191955055   465.9848   5  20   1.9884   1.5831   3.6448   0.3668  -0.9992   1.3955   0.00    0.0
2016/09/24 10:22:04.000   43.168667279    1.191958103   467.2680   5  20   1.9884   1.5832   3.6449   0.3667  -0.9993   1.3954   0.00    0.0
2016/09/24 10:22:05.000   43.168667934    1.191956949   468.4078   5  20   1.9885   1.5832   3.6450   0.3666  -0.9994   1.3953   0.00    0.0
2016/09/24 10:22:06.000   43.168672004    1.191963263   470.2721   5  20   1.9885   1.5833   3.6451   0.3665  -0.9996   1.3952   0.00    0.0
2016/09/24 10:22:07.000   43.168673755    1.191963819   469.4611   5  20   1.9885   1.5833   3.6452   0.3663  -0.9997   1.3952   0.00    0.0
2016/09/24 10:22:08.000   43.168668388    1.191954710   468.4861   5  19   2.0909   1.6832   4.1583   0.7093   0.3782   1.7996   0.00    0.0
2016/09/24 10:22:09.000   43.168668980    1.191951242   466.8187   5  19   2.0908   1.6833   4.1582   0.7092   0.3779   1.7994   0.00    0.0
2016/09/24 10:22:10.000   43.168669144    1.191953063   467.3075   5  19   2.0908   1.6833   4.1582   0.7091   0.3775   1.7992   0.00    0.0
2016/09/24 10:22:11.000   43.168670498    1.191955682   466.1982   5  19   2.0908   1.6834   4.1582   0.7090   0.3771   1.7990   0.00    0.0
2016/09/24 10:22:12.000   43.168669416    1.191953875   466.1440   5  19   2.0908   1.6835   4.1582   0.7089   0.3767   1.7988   0.00    0.0
2016/09/24 10:22:13.000   43.168669633    1.191955536   465.7804   5  19   2.0907   1.6835   4.1581   0.7088   0.3763   1.7986   0.00    0.0
2016/09/24 10:22:14.000   43.168669187    1.191956358   465.6626   5  19   2.0907   1.6836   4.1581   0.7088   0.3759   1.7984   0.00    0.0
2016/09/24 10:22:15.000   43.168669445    1.191954582   466.3711   5  19   2.0907   1.6837   4.1581   0.7087   0.3755   1.7982   0.00    0.0
2016/09/24 10:22:16.000   43.168670945    1.191955949   466.3519   5  19   2.0907   1.6837   4.1581   0.7086   0.3751   1.7980   0.00    0.0
2016/09/24 10:22:17.000   43.168675090    1.191959151   465.6236   5  19   2.0906   1.6838   4.1580   0.7085   0.3747   1.7978   0.00    0.0
2016/09/24 10:22:18.000   43.168677424    1.191959196   466.2572   5  19   2.0906   1.6838   4.1580   0.7084   0.3743   1.7976   0.00    0.0
2016/09/24 10:22:19.000   43.168679139    1.191958888   466.0730   5  19   2.0906   1.6839   4.1580   0.7083   0.3738   1.7974   0.00    0.0
2016/09/24 10:22:20.000   43.168679665    1.191957340   466.3785   5  19   2.0906   1.6840   4.1579   0.7082   0.3734   1.7972   0.00    0.0
2016/09/24 10:22:21.000   43.168678500    1.191958810   466.9459   5  19   2.0906   1.6840   4.1579   0.7081   0.3730   1.7970   0.00    0.0
2016/09/24 10:22:22.000   43.168672039    1.191952570   470.1246   5  19   2.0905   1.6841   4.1579   0.7080   0.3726   1.7968   0.00    0.0
2016/09/24 10:22:23.000   43.168674328    1.191957688   469.1906   5  19   2.0905   1.6842   4.1579   0.7079   0.3722   1.7966   0.00    0.0
2016/09/24 10:22:24.000   43.168674498    1.191955852   468.5711   5  19   2.0905   1.6842   4.1578   0.7078   0.3718   1.7964   0.00    0.0
2016/09/24 10:22:25.000   43.168673989    1.191955276   468.7044   5  19   2.0905   1.6843   4.1578   0.7077   0.3714   1.7962   0.00    0.0
2016/09/24 10:22:26.000   43.168676795    1.191958902   467.2104   5  19   2.0904   1.6843   4.1578   0.7076   0.3710   1.7960   0.00    0.0
2016/09/24 10:22:27.000   43.168675124    1.191954990   468.0589   5  19   2.0904   1.6844   4.1578   0.7075   0.3705   1.7958   0.00    0.0
2016/09/24 10:22:28.000   43.168674031    1.191954330   468.4195   5  19   2.0904   1.6845   4.1577   0.7074   0.3701   1.7956   0.00    0.0
2016/09/24 10:22:29.000   43.168677094    1.191958189   467.4393   5  19   2.0904   1.6845   4.1577   0.7073   0.3697   1.7954   0.00    0.0
2016/09/24 10:22:30.000   43.168675769    1.191956356   468.3564   5  19   2.0903   1.6846   4.1577   0.7073   0.3693   1.7952   0.00    0.0
2016/09/24 10:22:31.000   43.168675026    1.191957731   468.4330   5  19   2.0903   1.6847   4.1577   0.7072   0.3688   1.7950   0.00    0.0
2016/09/24 10:22:32.000   43.168676291    1.191957659   468.5490   5  19   2.0903   1.6847   4.1576   0.7071   0.3684   1.7948   0.00    0.0
2016/09/24 10:22:33.000   43.168676161    1.191958173   468.7348   5  19   2.0903   1.6848   4.1576   0.7070   0.3680   1.7946   0.00    0.0
2016/09/24 10:22:34.000   43.168676435    1.191956800   469.2712   5  19   2.0903   1.6849   4.1576   0.7069   0.3675   1.7944   0.00    0.0
2016/09/24 10:22:35.000   43.168674568    1.191957143   469.7176   5  19   2.0902   1.6849   4.1575   0.7068   0.3671   1.7942   0.00    0.0
2016/09/24 10:22:36.000   43.168675522    1.191957912   469.8242   5  19   2.0902   1.6850   4.1575   0.7067   0.3667   1.7940   0.00    0.0
2016/09/24 10:22:37.000   43.168675798    1.191960074   469.7904   5  19   2.0902   1.6850   4.1575   0.7066   0.3662   1.7938   0.00    0.0
2016/09/24 10:22:38.000   43.168676062    1.191960151   470.1265   5  19   2.0902   1.6851   4.1575   0.7065   0.3658   1.7936   0.00    0.0
2016/09/24 10:22:39.000   43.168675602    1.191964016   469.4977   5  19   2.0901   1.6852   4.1574   0.7064   0.3654   1.7934   0.00    0.0
2016/09/24 10:22:40.000   43.168676929    1.191964284   469.8915   5  19   2.0901   1.6852   4.1574   0.7063   0.3649   1.7932   0.00    0.0
2016/09/24 10:22:41.000   43.168676745    1.191963360   469.9587   5  19   2.0901   1.6853   4.1574   0.7062   0.3645   1.7930   0.00    0.0
2016/09/24 10:22:42.000   43.168674381    1.191961032   469.9239   5  19   2.0901   1.6854   4.1574   0.7061   0.3640   1.7928   0.00    0.0
2016/09/24 10:22:43.000   43.168670929    1.191960123   469.9428   5  19   2.0900   1.6854   4.1573   0.7060   0.3636   1.7926   0.00    0.0
2016/09/24 10:22:44.000   43.168669186    1.191962244   469.3844   5  19   2.0900   1.6855   4.1573   0.7059   0.3631   1.7924   0.00    0.0
2016/09/24 10:22:45.000   43.168667692    1.191961427   469.7614   5  19   2.0900   1.6856   4.1573   0.7058   0.3627   1.7922   0.00    0.0
2016/09/24 10:22:46.000   43.168666590    1.191961640   469.0596   5  19   2.0900   1.6856   4.1572   0.7057   0.3622   1.7920   0.00    0.0
2016/09/24 10:22:47.000   43.168665999    1.191960503   469.0649   5  19   2.0900   1.6857   4.1572   0.7056   0.3618   1.7918   0.00    0.0
2016/09/24 10:22:48.000   43.168667062    1.191963404   468.2875   5  19   2.0899   1.6858   4.1572   0.7055   0.3613   1.7916   0.00    0.0
2016/09/24 10:22:49.000   43.168669510    1.191966808   466.4953   5  19   2.0899   1.6858   4.1572   0.7054   0.3609   1.7913   0.00    0.0
2016/09/24 10:22:50.000   43.168669812    1.191964862   467.2936   5  19   2.0899   1.6859   4.1571   0.7053   0.3604   1.7911   0.00    0.0
2016/09/24 10:22:51.000   43.168668515    1.191960301   468.9616   5  19   2.0899   1.6859   4.1571   0.7053   0.3599   1.7909   0.00    0.0
2016/09/24 10:22:52.000   43.168671060    1.191963743   467.6188   5  19   2.0898   1.6860   4.1571   0.7052   0.3595   1.7907   0.00    0.0
2016/09/24 10:22:53.000   43.168669105    1.191961328   468.0393   5  19   2.0898   1.6861   4.1571   0.7051   0.3590   1.7905   0.00    0.0
2016/09/24 10:22:54.000   43.168667997    1.191960761   468.9058   5  19   2.0898   1.6861   4.1570   0.7050   0.3585   1.7903   0.00    0.0
2016/09/24 10:22:55.000   43.168668562    1.191963308   468.5994   5  19   2.0898   1.6862   4.1570   0.7049   0.3581   1.7901   0.00    0.0
2016/09/24 10:22:56.000   43.168668242    1.191962794   468.3465   5  19   2.0897   1.6863   4.1570   0.7048   0.3576   1.7899   0.00    0.0
2016/09/24 10:22:57.000   43.168668231    1.191961492   468.9423   5  19   2.0897   1.6863   4.1570   0.7047   0.3571   1.7897   0.00    0.0
2016/09/24 10:22:58.000   43.168667345    1.191961368   469.2140   5  19   2.0897   1.6864   4.1569   0.7046   0.3566   1.7895   0.00    0.0
2016/09/24 10:22:59.000   43.168669445    1.191963568   468.5427   5  19   2.0897   1.6865   4.1569   0.7045   0.3562   1.7893   0.00    0.0
2016/09/24 10:23:00.000   43.168671314    1.191968771   467.1022   5  19   2.0896   1.6865   4.1569   0.7044   0.3557   1.7891   0.00    0.0
2016/09/24 10:23:01.000   43.168670005    1.191964727   468.2769   5  19   2.0896   1.6866   4.1569   0.7043   0.3552   1.7889   0.00    0.0
2016/09/24 10:23:02.000   43.168670903    1.191964276   467.8914   5  19   2.0896   1.6867   4.1568   0.7042   0.3547   1.7887   0.00    0.0
2016/09/24 10:23:03.000   43.168672595    1.191966862   466.4097   5  19   2.0896   1.6867   4.1568   0.7041   0.3542   1.7884   0.00    0.0
2016/09/24 10:23:04.000   43.168669803    1.191964124   466.9209   5  19   2.0896   1.6868   4.1568   0.7040   0.3538   1.7882   0.00    0.0
2016/09/24 10:23:05.000   43.168674304    1.191970379   464.3587   5  19   2.0895   1.6869   4.1568   0.7039   0.3533   1.7880   0.00    0.0
2016/09/24 10:23:06.000   43.168673849    1.191968191   464.9175   5  19   2.0895   1.6869   4.1567   0.7038   0.3528   1.7878   0.00    0.0
2016/09/24 10:23:07.000   43.168671348    1.191966641   464.9173   5  19   2.0895   1.6870   4.1567   0.7037   0.3523   1.7876   0.00    0.0
2016/09/24 10:23:08.000   43.168665811    1.191951327   461.7248   5  19   2.0895   1.6871   4.1567   0.7036   0.3518   1.7874   0.00    0.0
2016/09/24 10:23:09.000   43.168665681    1.191952046   462.7719   5  19   2.0894   1.6871   4.1567   0.7035   0.3513   1.7872   0.00    0.0
2016/09/24 10:23:10.000   43.168668340    1.191954206   464.1888   5  19   2.0894   1.6872   4.1566   0.7034   0.3508   1.7870   0.00    0.0
2016/09/24 10:23:11.000   43.168670041    1.191956336   464.9448   5  19   2.0894   1.6873   4.1566   0.7033   0.3503   1.7868   0.00    0.0
2016/09/24 10:23:12.000   43.168671029    1.191959110   464.4396   5  19   2.0894   1.6873   4.1566   0.7032   0.3498   1.7866   0.00    0.0
2016/09/24 10:23:13.000   43.168678748    1.191969255   467.2549   5  20   1.9904   1.5865   3.6525   0.3593  -1.0092   1.3895   0.00    0.0
2016/09/24 10:23:14.000   43.168678667    1.191971942   466.6301   5  20   1.9904   1.5865   3.6527   0.3592  -1.0094   1.3894   0.00    0.0
2016/09/24 10:23:15.000   43.168678111    1.191971991   465.6799   5  20   1.9905   1.5866   3.6528   0.3591  -1.0095   1.3893   0.00    0.0
2016/09/24 10:23:16.000   43.168676002    1.191973605   465.0111   5  20   1.9905   1.5866   3.6529   0.3590  -1.0097   1.3892   0.00    0.0
2016/09/24 10:23:17.000   43.168678970    1.191971800   466.3496   5  20   1.9905   1.5867   3.6530   0.3589  -1.0098   1.3891   0.00    0.0
2016/09/24 10:23:18.000   43.168677452    1.191969293   466.1014   5  20   1.9906   1.5867   3.6531   0.3588  -1.0100   1.3890   0.00    0.0
2016/09/24 10:23:19.000   43.168672328    1.191960312   464.5860   5  19   2.0892   1.6878   4.1564   0.7025   0.3462   1.7851   0.00    0.0
2016/09/24 10:23:20.000   43.168670681    1.191960497   465.3341   5  19   2.0892   1.6879   4.1564   0.7024   0.3456   1.7849   0.00    0.0
2016/09/24 10:23:21.000   43.168669367    1.191960915   465.6129   5  19   2.0892   1.6879   4.1564   0.7023   0.3451   1.7847   0.00    0.0
2016/09/24 10:23:22.000   43.168674252    1.191969018   466.8176   5  20   1.9907   1.5869   3.6536   0.3584  -1.0106   1.3887   0.00    0.0
2016/09/24 10:23:23.000   43.168674571    1.191967771   467.2943   5  20   1.9907   1.5870   3.6537   0.3583  -1.0107   1.3886   0.00    0.0
2016/09/24 10:23:24.000   43.168672764    1.191965827   466.8598   5  20   1.9907   1.5870   3.6539   0.3582  -1.0109   1.3885   0.00    0.0
2016/09/24 10:23:25.000   43.168669629    1.191964749   465.2325   5  19   2.0891   1.6882   4.1563   0.7019   0.3430   1.7838   0.00    0.0
2016/09/24 10:23:26.000   43.168669634    1.191964041   465.6241   5  19   2.0890   1.6883   4.1562   0.7018   0.3424   1.7836   0.00    0.0
2016/09/24 10:23:29.000   43.168670720    1.191968860   466.1408   5  19   2.0890   1.6885   4.1562   0.7015   0.3408   1.7830   0.00    0.0
2016/09/24 10:23:30.000   43.168670740    1.191971852   465.4629   5  19   2.0890   1.6886   4.1562   0.7014   0.3402   1.7827   0.00    0.0
2016/09/24 10:23:31.000   43.168670611    1.191973836   465.3086   5  19   2.0889   1.6886   4.1561   0.7013   0.3397   1.7825   0.00    0.0
2016/09/24 10:23:32.000   43.168670131    1.191974145   465.1445   5  19   2.0889   1.6887   4.1561   0.7012   0.3391   1.7823   0.00    0.0
2016/09/24 10:23:33.000   43.168671927    1.191972402   465.1450   5  19   2.0889   1.6888   4.1561   0.7011   0.3386   1.7821   0.00    0.0
2016/09/24 10:23:34.000   43.168672444    1.191978221   464.1242   5  19   2.0889   1.6888   4.1561   0.7010   0.3380   1.7819   0.00    0.0
2016/09/24 10:23:41.000   43.168682316    1.191962066   468.3481   5  18   2.0911   1.7277   4.2667   0.6739  -0.4881   1.8074   0.00    0.0
2016/09/24 10:23:43.000   43.168681282    1.191960491   468.8576   5  18   2.0911   1.7278   4.2666   0.6737  -0.4886   1.8069   0.00    0.0
2016/09/24 10:23:44.000   43.168676523    1.191978729   465.2296   5  19   2.0886   1.6895   4.1559   0.7000   0.3322   1.7797   0.00    0.0
2016/09/24 10:23:45.000   43.168670761    1.191969463   468.7130   5  18   2.1256   1.7398   4.5080   0.8085  -0.7842   1.5740   0.00    0.0
2016/09/24 10:23:46.000   43.168680751    1.191981474   465.0927   5  19   2.0886   1.6897   4.1558   0.6998   0.3310   1.7793   0.00    0.0
2016/09/24 10:23:47.000   43.168680324    1.191979949   465.6476   5  19   2.0886   1.6897   4.1558   0.6997   0.3304   1.7791   0.00    0.0
2016/09/24 10:23:48.000   43.168680805    1.191983539   465.3446   5  19   2.0885   1.6898   4.1558   0.6996   0.3298   1.7789   0.00    0.0
2016/09/24 10:23:49.000   43.168679469    1.191985438   464.7988   5  19   2.0885   1.6899   4.1558   0.6995   0.3292   1.7787   0.00    0.0
2016/09/24 10:23:50.000   43.168683510    1.191965710   469.5592   5  18   2.0909   1.7281   4.2663   0.6729  -0.4904   1.8055   0.00    0.0
2016/09/24 10:23:51.000   43.168678044    1.191986635   465.2147   5  19   2.0885   1.6900   4.1557   0.6992   0.3280   1.7782   0.00    0.0
2016/09/24 10:23:54.000   43.168676784    1.191984443   466.2675   5  19   2.0884   1.6902   4.1557   0.6989   0.3261   1.7776   0.00    0.0
2016/09/24 10:23:55.000   43.168691876    1.192001432   471.2209   5  20   1.9917   1.5888   3.6578   0.3548  -1.0160   1.3857   0.00    0.0
2016/09/24 10:23:56.000   43.168684103    1.191992656   467.5726   5  20   1.9917   1.5888   3.6579   0.3547  -1.0162   1.3856   0.00    0.0
2016/09/24 10:23:57.000   43.168679015    1.191986761   464.6393   5  20   1.9917   1.5889   3.6580   0.3546  -1.0163   1.3855   0.00    0.0
2016/09/24 10:23:58.000   43.168685501    1.191993697   466.7129   5  20   1.9918   1.5889   3.6582   0.3545  -1.0165   1.3854   0.00    0.0
2016/09/24 10:24:00.000   43.168692131    1.191998433   469.4590   5  20   1.9918   1.5891   3.6584   0.3543  -1.0168   1.3852   0.00    0.0
2016/09/24 10:24:01.000   43.168692877    1.191997323   468.9874   5  20   1.9919   1.5891   3.6586   0.3542  -1.0170   1.3851   0.00    0.0
2016/09/24 10:24:33.000   43.168679522    1.191964216   469.8017   5  20   1.9793   1.5793   3.5678  -0.1034  -0.9305   1.5093   0.00    0.0
2016/09/24 10:24:37.000   43.168678469    1.191960776   468.6317   5  19   1.9946   1.6353   3.7689   0.3050  -1.1750   1.4068   0.00    0.0
2016/09/24 10:27:51.000   43.168679627    1.191929670   475.4706   5  19   1.9771   1.7251   3.8297   0.5406  -1.4870   1.4235   0.00    0.0
2016/09/24 10:27:52.000   43.168681867    1.191933086   475.6337   5  19   1.9771   1.7251   3.8298   0.5406  -1.4871   1.4234   0.00    0.0
2016/09/24 10:27:53.000   43.168682183    1.191933903   476.1556   5  19   1.9771   1.7252   3.8299   0.5405  -1.4872   1.4234   0.00    0.0
2016/09/24 10:27:54.000   43.168682326    1.191934999   475.6896   5  19   1.9771   1.7252   3.8300   0.5404  -1.4873   1.4233   0.00    0.0
2016/09/24 10:27:55.000   43.168682194    1.191936928   475.6643   5  19   1.9772   1.7252   3.8301   0.5403  -1.4873   1.4233   0.00    0.0
2016/09/24 10:27:56.000   43.168678558    1.191929651   473.3844   5  19   1.9772   1.7252   3.8302   0.5402  -1.4874   1.4232   0.00    0.0
2016/09/24 10:27:57.000   43.168680236    1.191928866   472.0541   5  19   1.9772   1.7252   3.8303   0.5401  -1.4875   1.4232   0.00    0.0
2016/09/24 10:27:58.000   43.168680940    1.191929278   473.0037   5  19   1.9772   1.7252   3.8304   0.5401  -1.4875   1.4231   0.00    0.0
2016/09/24 10:27:59.000   43.168680149    1.191931544   473.3567   5  19   1.9772   1.7252   3.8305   0.5400  -1.4876   1.4230   0.00    0.0
2016/09/24 10:28:00.000   43.168675268    1.191927662   471.8473   5  19   1.9772   1.7252   3.8306   0.5399  -1.4877   1.4230   0.00    0.0
2016/09/24 10:28:01.000   43.168678912    1.191930391   470.9730   5  19   1.9772   1.7252   3.8307   0.5398  -1.4877   1.4229   0.00    0.0
2016/09/24 10:28:02.000   43.168680502    1.191937287   472.7860   5  19   1.9772   1.7253   3.8308   0.5397  -1.4878   1.4229   0.00    0.0
2016/09/24 10:28:03.000   43.168671923    1.191931898   472.4113   5  19   1.9772   1.7253   3.8309   0.5396  -1.4879   1.4228   0.00    0.0
2016/09/24 10:28:04.000   43.168673338    1.191935473   472.9460   5  19   1.9772   1.7253   3.8310   0.5396  -1.4880   1.4228   0.00    0.0
2016/09/24 10:28:05.000   43.168671601    1.191935034   471.9430   5  19   1.9772   1.7253   3.8311   0.5395  -1.4880   1.4227   0.00    0.0
2016/09/24 10:28:06.000   43.168669343    1.191938183   473.9000   5  19   1.9773   1.7253   3.8312   0.5394  -1.4881   1.4227   0.00    0.0
2016/09/24 10:28:07.000   43.168670098    1.191936501   473.8050   5  19   1.9773   1.7253   3.8313   0.5393  -1.4882   1.4226   0.00    0.0
2016/09/24 10:28:08.000   43.168671856    1.191940331   473.9716   5  19   1.9773   1.7253   3.8314   0.5392  -1.4882   1.4226   0.00    0.0
2016/09/24 10:28:09.000   43.168669115    1.191939531   474.3671   5  19   1.9773   1.7253   3.8315   0.5392  -1.4883   1.4225   0.00    0.0
2016/09/24 10:28:10.000   43.168668580    1.191936923   473.9398   5  19   1.9773   1.7253   3.8316   0.5391  -1.4884   1.4224   0.00    0.0
2016/09/24 10:28:11.000   43.168666925    1.191934566   472.7701   5  19   1.9773   1.7254   3.8316   0.5390  -1.4884   1.4224   0.00    0.0
2016/09/24 10:28:12.000   43.168664300    1.191933399   471.8881   5  19   1.9773   1.7254   3.8317   0.5389  -1.4885   1.4223   0.00    0.0
2016/09/24 10:28:13.000   43.168663412    1.191936967   471.5990   5  19   1.9773   1.7254   3.8318   0.5388  -1.4886   1.4223   0.00    0.0
2016/09/24 10:28:14.000   43.168665727    1.191939937   472.4467   5  19   1.9773   1.7254   3.8319   0.5388  -1.4886   1.4222   0.00    0.0
2016/09/24 10:28:15.000   43.168670284    1.191941184   471.6571   5  19   1.9773   1.7254   3.8320   0.5387  -1.4887   1.4222   0.00    0.0
2016/09/24 10:28:16.000   43.168669109    1.191942013   471.8708   5  18   2.0816   1.7971   4.1873   0.7855  -1.1697   1.7664   0.00    0.0
2016/09/24 10:28:17.000   43.168670828    1.191943575   471.3411   5  18   2.0815   1.7971   4.1872   0.7854  -1.1698   1.7662   0.00    0.0
2016/09/24 10:28:18.000   43.168669892    1.191942700   471.5689   5  18   2.0815   1.7972   4.1872   0.7853  -1.1700   1.7660   0.00    0.0
2016/09/24 10:28:19.000   43.168667033    1.191945554   471.9670   5  18   2.0814   1.7972   4.1871   0.7852  -1.1701   1.7658   0.00    0.0
2016/09/24 10:28:20.000   43.168667255    1.191944926   470.7218   5  18   2.0814   1.7972   4.1870   0.7851  -1.1703   1.7656   0.00    0.0
2016/09/24 10:28:21.000   43.168665962    1.191944031   470.1564   5  18   2.0813   1.7972   4.1869   0.7850  -1.1704   1.7654   0.00    0.0
2016/09/24 10:28:22.000   43.168663102    1.191944040   470.3363   5  18   2.0813   1.7972   4.1869   0.7849  -1.1706   1.7652   0.00    0.0
2016/09/24 10:28:23.000   43.168664579    1.191943313   470.0199   5  18   2.0813   1.7973   4.1868   0.7848  -1.1707   1.7650   0.00    0.0
